inter_trian
N,Memory,bandwidth,[MBytes/s],Time,elapsed,[s],Cache,miss,DP,MFLOP/s,AVX,DP,MFLOP/s
10,8502.2954,0.000006,0.3097,1.7782,0
32,804.9953,0.000149,0.1909,0.0671,0
50,394.6964,0.000569,0.0299,0.0175,0
64,271.4106,0.001199,0.0214,0.0081,0
100,2594.8270,0.004686,0.0724,0.0022,0
128,7685.3043,0.010480,0.1484,0.0009,0
200,10637.2428,0.039020,0.2222,0.0003,0
256,19655.3406,0.088784,0.3168,0.0001,0
300,11971.9988,0.135523,0.2335,0.0001,0
400,12291.6987,0.326468,0.2134,3.062702e-05,0
512,21646.7479,0.726461,0.3382,1.376438e-05,0
1000,13373.5304,5.936932,0.2215,1.681013e-06,0
adjus_coef
N,Memory,bandwidth,[MBytes/s],Time,elapsed,[s],Cache,miss,DP,MFLOP/s,AVX,DP,MFLOP/s
10,2660.5250,0.000027,0.3228,690.5279,0
32,708.8462,0.000169,0.2554,1406.3362,0
50,379.1936,0.000411,0.1772,1466.6760,0
64,300.9066,0.000663,0.1431,1508.4465,0
100,228.8158,0.001631,0.1049,1524.0108,0
128,242.1028,0.002892,0.1033,1368.7628,0
200,237.8533,0.006999,0.0585,1445.1837,0
256,220.4038,0.011711,0.0497,1456.9435,0
300,211.1231,0.015532,0.0453,1475.9327,0
400,202.2139,0.029353,0.0409,1434.7203,0
512,194.6561,0.047600,0.0391,1461.3512,0
1000,527.6354,0.188364,0.0856,1516.7865,0
adjus_trian
N,Memory,bandwidth,[MBytes/s],Time,elapsed,[s],Cache,miss,DP,MFLOP/s,AVX,DP,MFLOP/s
10,9470.9253,0.000004,0.2859,2.5720,0
32,1174.0524,0.000070,0.2883,0.1439,0
50,718.1756,0.000258,0.1135,0.0319,0
64,508.2592,0.000535,0.0484,0.0187,0
100,344.8915,0.002049,0.0516,0.0049,0
128,905.5909,0.004260,0.0719,0.0023,0
200,5092.5470,0.016081,0.2382,0.0006,0
256,6261.8710,0.033562,0.2434,0.0003,0
300,5825.1966,0.053858,0.2530,0.0002,0
400,5917.5197,0.127552,0.2551,0.0001,0
512,5786.1375,0.265917,0.2569,3.763572e-05,0
1000,5856.2308,1.984656,0.2507,5.038281e-06,0
trian_old
N:Memory bandwidth [MBytes/s]:Time elapsed [s]:Cache miss:DP MFLOP/s:AVX DP MFLOP/s
10,10367.9444,0.000004,0.3269,136.6078,0
32,431.6664,0.000115,0.3123,181.0985,0
50,167.1037,0.000432,0.3147,165.1243,0
64,111.1399,0.000970,0.2521,188.3407,0
100,53.3898,0.003451,0.0500,189.0262,0
128,49.1605,0.007234,0.0248,190.7871,0
200,122.9110,0.027636,0.0476,192.9179,0
256,248.7861,0.057602,0.1032,193.4348,0
300,501.4874,0.092067,0.1810,193.6954,0
400,830.7058,0.223906,0.2421,194.9622,0
512,977.5122,0.458133,0.2483,194.6498,0
1000,915.5486,3.401368,0.2554,195.6421,0
trian_old_piv
N:Memory bandwidth [MBytes/s]:Time elapsed [s]:Cache miss:DP MFLOP/s:AVX DP MFLOP/s
10,4642.3492,0.000009,0.3008,64.9847,0
32,232.4370,0.000278,0.3062,75.0957,0
50,106.4160,0.001134,0.1768,71.6364,0
64,65.5864,0.002350,0.0480,72.3585,0
100,38.1644,0.008888,0.0143,73.4823,0
128,193.7125,0.018895,0.0195,73.7148,0
200,1046.3287,0.074774,0.1430,71.0452,0
256,1756.9317,0.161316,0.1088,68.8834,0
300,1917.5704,0.257856,0.1988,69.3780,0
400,2187.2632,0.618452,0.2322,68.6730,0
512,8979.3182,1.408128,0.4033,63.3856,0
1000,2658.1590,10.038440,0.1779,66.3452,0